Params used:
                X1       X2      X3      X4      X5      X6      X7      X8
p            5.000   10.000   20.00    5.00   10.00   20.00    5.00   10.00
n         1000.000 1000.000 1000.00 1000.00 1000.00 1000.00 1000.00 1000.00
mcd.alpha    0.503    0.505    0.51    0.65    0.65    0.65    0.75    0.75
mbp          1.000    1.000    1.00    0.00    0.00    0.00    0.00    0.00
               X9     X10     X11     X12     X13     X14     X15     X16
p           20.00    5.00   10.00   20.00    5.00   10.00   20.00    5.00
n         1000.00 1000.00 1000.00 1000.00 1000.00 1000.00 1000.00 1000.00
mcd.alpha    0.75    0.85    0.85    0.85    0.95    0.95    0.95    0.99
mbp          0.00    0.00    0.00    0.00    0.00    0.00    0.00    0.00
              X17     X18     X19    X20    X21    X22    X23    X24    X25
p           10.00   20.00   5.000  10.00  20.00   5.00  10.00  20.00   5.00
n         1000.00 1000.00 500.000 500.00 500.00 500.00 500.00 500.00 500.00
mcd.alpha    0.99    0.99   0.506   0.51   0.52   0.65   0.65   0.65   0.75
mbp          0.00    0.00   1.000   1.00   1.00   0.00   0.00   0.00   0.00
             X26    X27    X28    X29    X30    X31    X32    X33    X34    X35
p          10.00  20.00   5.00  10.00  20.00   5.00  10.00  20.00   5.00  10.00
n         500.00 500.00 500.00 500.00 500.00 500.00 500.00 500.00 500.00 500.00
mcd.alpha   0.75   0.75   0.85   0.85   0.85   0.95   0.95   0.95   0.99   0.99
mbp         0.00   0.00   0.00   0.00   0.00   0.00   0.00   0.00   0.00   0.00
             X36    X37    X38   X39    X40    X41    X42    X43    X44    X45
p          20.00   5.00  10.00  20.0   5.00  10.00  20.00   5.00  10.00  20.00
n         500.00 100.00 100.00 100.0 100.00 100.00 100.00 100.00 100.00 100.00
mcd.alpha   0.99   0.53   0.55   0.6   0.65   0.65   0.65   0.75   0.75   0.75
mbp         0.00   1.00   1.00   1.0   0.00   0.00   0.00   0.00   0.00   0.00
             X46    X47    X48    X49    X50    X51    X52    X53    X54   X55
p           5.00  10.00  20.00   5.00  10.00  20.00   5.00  10.00  20.00  5.00
n         100.00 100.00 100.00 100.00 100.00 100.00 100.00 100.00 100.00 50.00
mcd.alpha   0.85   0.85   0.85   0.95   0.95   0.95   0.99   0.99   0.99  0.56
mbp         0.00   0.00   0.00   0.00   0.00   0.00   0.00   0.00   0.00  1.00
           X56   X57   X58   X59  X60   X61   X62   X63   X64   X65   X66   X67
p         10.0  5.00 10.00 20.00 20.0  5.00 10.00 20.00  5.00 10.00 20.00  5.00
n         50.0 50.00 50.00 50.00 50.0 50.00 50.00 50.00 50.00 50.00 50.00 50.00
mcd.alpha  0.6  0.65  0.65  0.65  0.7  0.75  0.75  0.75  0.85  0.85  0.85  0.95
mbp        1.0  0.00  0.00  0.00  1.0  0.00  0.00  0.00  0.00  0.00  0.00  0.00
            X68   X69   X70   X71   X72
p         10.00 20.00  5.00 10.00 20.00
n         50.00 50.00 50.00 50.00 50.00
mcd.alpha  0.95  0.95  0.99  0.99  0.99
mbp        0.00  0.00  0.00  0.00  0.00
ncol of params: 72 
N.SIM: 5000 
